"EyeDiameter" = 35
"BasePlaneDistance" = "EyeDiameter"/2+19.84
"EyeClearance" = 2
"L2Thickness" = 8
"L2_ID" = 20
"vx" = -10.51559165
"vy" = 17.17125569
"vz" = 14.81790506
